1399468518 157
1399468777 157
1399468843 158
1399470763 158
1399532324 218
1399532340 218
1399569999 249
1399570011 249
1399570168 249
1399570172 249
1399570361 251
1399570364 251
1399570982 251
1399625495 264
1399625500 264
1399629037 298
1399629043 298
1399629164 303
1399629170 303
1399647050 303
1399647156 308
1399647161 308
1425416234 308
1432661748 308
1435920152 320
1435920647 325
1435920698 325
1435920787 325
1437338741 326
1437339118 326
1437488265 326
1437554058 334
1438502826 334
1440634633 335
1440674819 335
1440674876 335
1444783705 369
1446786051 385
1448181229 385
1455853183 385
1455853395 385
1455854192 385
1455854242 391
1455854277 391
1455854385 391
